#DeltaTime, Location Error, Velocity Error
/InverseX
5.68563e-10, 18.1297, 1.05202e+08
4.73802e-10, 15.1011, 8.77775e+07
4.06116e-10, 12.9395, 7.53049e+07
3.55352e-10, 11.3192, 6.59358e+07
3.15868e-10, 10.0596, 5.86401e+07
2.84281e-10, 9.05224, 5.27981e+07
2.58438e-10, 8.22826, 4.80146e+07
2.36901e-10, 7.54177, 4.40259e+07
2.18678e-10, 6.96101, 4.0649e+07
2.03058e-10, 6.4633, 3.77533e+07
1.89521e-10, 6.03201, 3.52427e+07
1.77676e-10, 5.65468, 3.30452e+07
1.67224e-10, 5.32177, 3.11056e+07
1.57934e-10, 5.02589, 2.93811e+07
1.49622e-10, 4.76117, 2.78378e+07
1.42141e-10, 4.52295, 2.64485e+07
1.35372e-10, 4.30742, 2.51913e+07
1.29219e-10, 4.11151, 2.40482e+07
1.23601e-10, 3.93264, 2.30044e+07
1.18451e-10, 3.76868, 2.20473e+07
1.13713e-10, 3.61785, 2.11668e+07
1.09339e-10, 3.47863, 2.03538e+07
1.05289e-10, 3.34972, 1.9601e+07
1.01529e-10, 3.23003, 1.89019e+07
9.80281e-11, 3.11859, 1.8251e+07
9.47605e-11, 3.01459, 1.76434e+07
9.17037e-11, 2.9173, 1.70749e+07
8.8838e-11, 2.8261, 1.6542e+07
8.61459e-11, 2.74042, 1.60413e+07
8.36122e-11, 2.65979, 1.557e+07
8.12233e-11, 2.58376, 1.51256e+07
7.89671e-11, 2.51196, 1.47059e+07
7.68328e-11, 2.44405, 1.43088e+07
7.48109e-11, 2.37971, 1.39326e+07
7.28927e-11, 2.31867, 1.35757e+07
7.10704e-11, 2.26068, 1.32367e+07
6.93369e-11, 2.20552, 1.29141e+07
6.76861e-11, 2.15299, 1.26069e+07
6.6112e-11, 2.1029, 1.2314e+07
6.46094e-11, 2.0551, 1.20344e+07
6.31737e-11, 2.00941, 1.17672e+07
6.18003e-11, 1.96572, 1.15116e+07
6.04854e-11, 1.92388, 1.12668e+07
5.92253e-11, 1.88379, 1.10323e+07
5.80166e-11, 1.84533, 1.08073e+07
5.68563e-11, 1.80842, 1.05913e+07
5.57415e-11, 1.77295, 1.03838e+07
5.46695e-11, 1.73884, 1.01843e+07
5.3638e-11, 1.70602, 9.99223e+06
5.26447e-11, 1.67442, 9.80732e+06
5.16875e-11, 1.64397, 9.62913e+06
5.07646e-11, 1.61461, 9.45729e+06
4.98739e-11, 1.58627, 9.29149e+06
4.9014e-11, 1.55892, 9.13139e+06
4.81833e-11, 1.53249, 8.97672e+06
4.73802e-11, 1.50694, 8.8272e+06
4.66035e-11, 1.48223, 8.68258e+06
4.58519e-11, 1.45832, 8.54263e+06
4.5124e-11, 1.43517, 8.40711e+06
4.4419e-11, 1.41274, 8.27582e+06
4.37356e-11, 1.391, 8.14858e+06
4.3073e-11, 1.36992, 8.02518e+06
4.24301e-11, 1.34947, 7.90547e+06
4.18061e-11, 1.32962, 7.78928e+06
4.12002e-11, 1.31034, 7.67645e+06
4.06116e-11, 1.29162, 7.56685e+06
4.00396e-11, 1.27343, 7.46033e+06
3.94835e-11, 1.25574, 7.35677e+06
3.89427e-11, 1.23853, 7.25604e+06
3.84164e-11, 1.22179, 7.15804e+06
3.79042e-11, 1.2055, 7.06264e+06
3.74055e-11, 1.18963, 6.96976e+06
3.69197e-11, 1.17418, 6.87929e+06
3.64463e-11, 1.15912, 6.79113e+06
3.5985e-11, 1.14445, 6.70521e+06
3.55352e-11, 1.13014, 6.62144e+06
3.50965e-11, 1.11619, 6.53973e+06
3.46685e-11, 1.10257, 6.46001e+06
3.42508e-11, 1.08928, 6.38221e+06
3.3843e-11, 1.07631, 6.30627e+06
3.34449e-11, 1.06365, 6.23211e+06
3.3056e-11, 1.05128, 6.15968e+06
3.2676e-11, 1.03919, 6.08891e+06
3.23047e-11, 1.02738, 6.01974e+06
3.19417e-11, 1.01584, 5.95213e+06
3.15868e-11, 1.00455, 5.88603e+06
3.12397e-11, 0.993508, 5.82137e+06
3.09002e-11, 0.982708, 5.75812e+06
3.05679e-11, 0.972139, 5.69623e+06
3.02427e-11, 0.961796, 5.63566e+06
2.99244e-11, 0.95167, 5.57636e+06
2.96127e-11, 0.941756, 5.51829e+06
2.93074e-11, 0.932045, 5.46143e+06
2.90083e-11, 0.922533, 5.40572e+06
2.87153e-11, 0.913213, 5.35114e+06
2.84281e-11, 0.90408, 5.29765e+06
2.81467e-11, 0.895127, 5.24521e+06
2.78707e-11, 0.88635, 5.19381e+06
2.76001e-11, 0.877744, 5.1434e+06
2.73348e-11, 0.869303, 5.09396e+06
2.70744e-11, 0.861023, 5.04547e+06
2.6819e-11, 0.852899, 4.99788e+06
2.65684e-11, 0.844927, 4.95119e+06
2.63224e-11, 0.837102, 4.90536e+06
2.60809e-11, 0.829422, 4.86038e+06
2.58438e-11, 0.82188, 4.81621e+06
2.56109e-11, 0.814475, 4.77283e+06
2.53823e-11, 0.807202, 4.73023e+06
2.51577e-11, 0.800058, 4.68838e+06
2.4937e-11, 0.793039, 4.64727e+06
2.47201e-11, 0.786142, 4.60687e+06
2.4507e-11, 0.779364, 4.56717e+06
2.42976e-11, 0.772702, 4.52815e+06
2.40917e-11, 0.766153, 4.48979e+06
2.38892e-11, 0.759714, 4.45207e+06
2.36901e-11, 0.753382, 4.41498e+06
2.34943e-11, 0.747155, 4.3785e+06
2.33018e-11, 0.74103, 4.34263e+06
2.31123e-11, 0.735005, 4.30733e+06
2.29259e-11, 0.729077, 4.2726e+06
2.27425e-11, 0.723244, 4.23843e+06
2.2562e-11, 0.717503, 4.20481e+06
2.23844e-11, 0.711853, 4.17171e+06
2.22095e-11, 0.706291, 4.13912e+06
2.20373e-11, 0.700815, 4.10705e+06
2.18678e-11, 0.695423, 4.07546e+06
2.17009e-11, 0.690114, 4.04436e+06
2.15365e-11, 0.684886, 4.01373e+06
2.13745e-11, 0.679736, 3.98356e+06
2.1215e-11, 0.674662, 3.95384e+06
2.10579e-11, 0.669664, 3.92456e+06
2.09031e-11, 0.66474, 3.89571e+06
2.07505e-11, 0.659887, 3.86729e+06
2.06001e-11, 0.655105, 3.83927e+06
2.04519e-11, 0.650392, 3.81166e+06
2.03058e-11, 0.645745, 3.78444e+06
2.01618e-11, 0.641165, 3.7576e+06
2.00198e-11, 0.636649, 3.73115e+06
1.98798e-11, 0.632197, 3.70506e+06
1.97418e-11, 0.627806, 3.67934e+06
1.96056e-11, 0.623476, 3.65397e+06
1.94713e-11, 0.619205, 3.62895e+06
1.93389e-11, 0.614993, 3.60427e+06
1.92082e-11, 0.610837, 3.57993e+06
1.90793e-11, 0.606737, 3.5559e+06
1.89521e-11, 0.602692, 3.5322e+06
1.88266e-11, 0.5987, 3.50882e+06
1.87027e-11, 0.594761, 3.48574e+06
1.85805e-11, 0.590873, 3.46296e+06
1.84598e-11, 0.587036, 3.44048e+06
1.83407e-11, 0.583248, 3.41829e+06
1.82232e-11, 0.579509, 3.39638e+06
1.81071e-11, 0.575818, 3.37476e+06
1.79925e-11, 0.572173, 3.3534e+06
1.78793e-11, 0.568574, 3.33232e+06
1.77676e-11, 0.56502, 3.31149e+06
1.76572e-11, 0.56151, 3.29093e+06
1.75482e-11, 0.558044, 3.27062e+06
1.74406e-11, 0.55462, 3.25056e+06
1.73342e-11, 0.551238, 3.23074e+06
1.72292e-11, 0.547897, 3.21117e+06
1.71254e-11, 0.544596, 3.19183e+06
1.70228e-11, 0.541335, 3.17272e+06
1.69215e-11, 0.538112, 3.15384e+06
1.68214e-11, 0.534928, 3.13518e+06
1.67224e-11, 0.531781, 3.11674e+06
1.66246e-11, 0.528671, 3.09852e+06
1.6528e-11, 0.525597, 3.08051e+06
1.64325e-11, 0.522558, 3.06271e+06
1.6338e-11, 0.519555, 3.04511e+06
1.62447e-11, 0.516586, 3.02771e+06
1.61524e-11, 0.513651, 3.01051e+06
1.60611e-11, 0.510748, 2.99351e+06
1.59709e-11, 0.507879, 2.97669e+06
1.58816e-11, 0.505041, 2.96007e+06
1.57934e-11, 0.502235, 2.94363e+06
1.57062e-11, 0.49946, 2.92737e+06
1.56199e-11, 0.496716, 2.91129e+06
1.55345e-11, 0.494001, 2.89538e+06
1.54501e-11, 0.491316, 2.87965e+06
1.53666e-11, 0.48866, 2.86409e+06
1.5284e-11, 0.486033, 2.84869e+06
1.52022e-11, 0.483433, 2.83346e+06
1.51214e-11, 0.480862, 2.81839e+06
1.50413e-11, 0.478317, 2.80348e+06
1.49622e-11, 0.4758, 2.78873e+06
1.48838e-11, 0.473308, 2.77413e+06
1.48063e-11, 0.470843, 2.75969e+06
1.47296e-11, 0.468403, 2.74539e+06
1.46537e-11, 0.465989, 2.73124e+06
1.45785e-11, 0.463599, 2.71724e+06
1.45042e-11, 0.461233, 2.70338e+06
1.44305e-11, 0.458892, 2.68966e+06
1.43577e-11, 0.456574, 2.67607e+06
1.42855e-11, 0.45428, 2.66263e+06
1.42141e-11, 0.452008, 2.64932e+06
1.41434e-11, 0.449759, 2.63614e+06
1.40733e-11, 0.447532, 2.62309e+06
1.4004e-11, 0.445328, 2.61017e+06
1.39354e-11, 0.443145, 2.59738e+06
1.38674e-11, 0.440983, 2.58471e+06
1.38001e-11, 0.438842, 2.57217e+06
1.37334e-11, 0.436722, 2.55974e+06
1.36674e-11, 0.434622, 2.54744e+06
1.3602e-11, 0.432542, 2.53525e+06
1.35372e-11, 0.430482, 2.52318e+06
1.34731e-11, 0.428442, 2.51123e+06
1.34095e-11, 0.426421, 2.49938e+06
1.33465e-11, 0.424419, 2.48765e+06
1.32842e-11, 0.422436, 2.47603e+06
1.32224e-11, 0.420471, 2.46452e+06
1.31612e-11, 0.418524, 2.45311e+06
1.31005e-11, 0.416595, 2.4418e+06
1.30404e-11, 0.414684, 2.43061e+06
1.29809e-11, 0.41279, 2.41951e+06
1.29219e-11, 0.410914, 2.40851e+06
1.28634e-11, 0.409054, 2.39762e+06
1.28055e-11, 0.407212, 2.38682e+06
1.2748e-11, 0.405385, 2.37612e+06
1.26911e-11, 0.403576, 2.36551e+06
1.26347e-11, 0.401782, 2.355e+06
1.25788e-11, 0.400004, 2.34458e+06
1.25234e-11, 0.398242, 2.33425e+06
1.24685e-11, 0.396495, 2.32402e+06
1.2414e-11, 0.394763, 2.31387e+06
1.23601e-11, 0.393047, 2.30381e+06
1.23066e-11, 0.391345, 2.29384e+06
1.22535e-11, 0.389658, 2.28395e+06
1.22009e-11, 0.387986, 2.27415e+06
1.21488e-11, 0.386328, 2.26444e+06
1.20971e-11, 0.384684, 2.2548e+06
1.20458e-11, 0.383054, 2.24525e+06
1.1995e-11, 0.381437, 2.23578e+06
1.19446e-11, 0.379834, 2.22639e+06
1.18946e-11, 0.378245, 2.21707e+06
1.18451e-11, 0.376669, 2.20784e+06
1.17959e-11, 0.375106, 2.19868e+06
1.17472e-11, 0.373556, 2.18959e+06
1.16988e-11, 0.372018, 2.18058e+06
1.16509e-11, 0.370494, 2.17165e+06
1.16033e-11, 0.368981, 2.16278e+06
1.15562e-11, 0.367481, 2.15399e+06
1.15094e-11, 0.365994, 2.14527e+06
1.1463e-11, 0.364518, 2.13663e+06
1.14169e-11, 0.363054, 2.12805e+06
1.13713e-11, 0.361601, 2.11953e+06
1.1326e-11, 0.360161, 2.11109e+06
1.1281e-11, 0.358731, 2.10272e+06
1.12364e-11, 0.357313, 2.09441e+06
1.11922e-11, 0.355907, 2.08616e+06
1.11483e-11, 0.354511, 2.07798e+06
1.11047e-11, 0.353126, 2.06987e+06
1.10615e-11, 0.351752, 2.06181e+06
1.10187e-11, 0.350388, 2.05382e+06
1.09761e-11, 0.349035, 2.04589e+06
1.09339e-11, 0.347693, 2.03803e+06
1.0892e-11, 0.346361, 2.03022e+06
1.08504e-11, 0.345039, 2.02247e+06
1.08092e-11, 0.343727, 2.01478e+06
1.07682e-11, 0.342425, 2.00715e+06
1.07276e-11, 0.341132, 1.99958e+06
1.06873e-11, 0.33985, 1.99206e+06
1.06472e-11, 0.338577, 1.9846e+06
1.06075e-11, 0.337313, 1.9772e+06
1.05681e-11, 0.336059, 1.96985e+06
1.05289e-11, 0.334815, 1.96255e+06
1.04901e-11, 0.333579, 1.95531e+06
1.04515e-11, 0.332353, 1.94813e+06
1.04132e-11, 0.331135, 1.94099e+06
1.03752e-11, 0.329927, 1.93391e+06
1.03375e-11, 0.328727, 1.92688e+06
1.03001e-11, 0.327536, 1.9199e+06
1.02629e-11, 0.326353, 1.91297e+06
1.0226e-11, 0.325179, 1.90609e+06
1.01893e-11, 0.324014, 1.89925e+06
1.01529e-11, 0.322856, 1.89247e+06
1.01168e-11, 0.321707, 1.88574e+06
1.00809e-11, 0.320567, 1.87905e+06
1.00453e-11, 0.319434, 1.87241e+06
1.00099e-11, 0.318309, 1.86582e+06
9.97479e-12, 0.317192, 1.85928e+06
9.93991e-12, 0.316083, 1.85278e+06
9.90528e-12, 0.314981, 1.84632e+06
9.87088e-12, 0.313888, 1.83991e+06
9.83673e-12, 0.312802, 1.83354e+06
9.80281e-12, 0.311723, 1.82722e+06
9.76912e-12, 0.310652, 1.82094e+06
9.73567e-12, 0.309588, 1.81471e+06
9.70244e-12, 0.308531, 1.80852e+06
9.66944e-12, 0.307482, 1.80237e+06
9.63666e-12, 0.306439, 1.79626e+06
9.6041e-12, 0.305404, 1.79019e+06
9.57177e-12, 0.304376, 1.78416e+06
9.53965e-12, 0.303354, 1.77818e+06
9.50774e-12, 0.302339, 1.77223e+06
9.47605e-12, 0.301332, 1.76632e+06
9.44457e-12, 0.30033, 1.76046e+06
9.41329e-12, 0.299336, 1.75463e+06
9.38223e-12, 0.298348, 1.74884e+06
9.35136e-12, 0.297367, 1.74308e+06
9.3207e-12, 0.296392, 1.73737e+06
9.29024e-12, 0.295423, 1.73169e+06
9.25998e-12, 0.294461, 1.72605e+06
9.22992e-12, 0.293504, 1.72045e+06
9.20005e-12, 0.292555, 1.71488e+06
9.17037e-12, 0.291611, 1.70935e+06
9.14088e-12, 0.290673, 1.70386e+06
9.11159e-12, 0.289741, 1.6984e+06
9.08248e-12, 0.288816, 1.69297e+06
9.05355e-12, 0.287896, 1.68758e+06
9.02481e-12, 0.286982, 1.68222e+06
8.99625e-12, 0.286074, 1.6769e+06
8.96787e-12, 0.285171, 1.67161e+06
8.93967e-12, 0.284274, 1.66635e+06
8.91165e-12, 0.283383, 1.66113e+06
8.8838e-12, 0.282498, 1.65594e+06
8.85612e-12, 0.281617, 1.65078e+06
8.82862e-12, 0.280743, 1.64566e+06
8.80128e-12, 0.279874, 1.64056e+06
8.77412e-12, 0.27901, 1.6355e+06
8.74712e-12, 0.278151, 1.63047e+06
8.72029e-12, 0.277298, 1.62547e+06
8.69362e-12, 0.27645, 1.6205e+06
8.66712e-12, 0.275607, 1.61556e+06
8.64077e-12, 0.274769, 1.61065e+06
8.61459e-12, 0.273937, 1.60577e+06
8.58856e-12, 0.273109, 1.60092e+06
8.5627e-12, 0.272286, 1.59609e+06
8.53698e-12, 0.271469, 1.5913e+06
8.51142e-12, 0.270656, 1.58654e+06
8.48601e-12, 0.269848, 1.5818e+06
8.46076e-12, 0.269045, 1.5771e+06
8.43565e-12, 0.268246, 1.57242e+06
8.41069e-12, 0.267453, 1.56776e+06
8.38588e-12, 0.266664, 1.56314e+06
8.36122e-12, 0.265879, 1.55854e+06
8.3367e-12, 0.2651, 1.55397e+06
8.31232e-12, 0.264324, 1.54943e+06
8.28809e-12, 0.263554, 1.54491e+06
8.264e-12, 0.262788, 1.54042e+06
8.24004e-12, 0.262026, 1.53596e+06
8.21623e-12, 0.261269, 1.53152e+06
8.19255e-12, 0.260516, 1.52711e+06
8.16901e-12, 0.259767, 1.52272e+06
8.1456e-12, 0.259023, 1.51836e+06
8.12233e-12, 0.258283, 1.51402e+06
8.09919e-12, 0.257547, 1.50971e+06
8.07618e-12, 0.256815, 1.50542e+06
8.0533e-12, 0.256087, 1.50115e+06
8.03055e-12, 0.255364, 1.49691e+06
8.00793e-12, 0.254645, 1.4927e+06
7.98543e-12, 0.253929, 1.4885e+06
7.96307e-12, 0.253218, 1.48433e+06
7.94082e-12, 0.252511, 1.48019e+06
7.9187e-12, 0.251807, 1.47607e+06
7.89671e-12, 0.251108, 1.47197e+06
7.87483e-12, 0.250412, 1.46789e+06
7.85308e-12, 0.24972, 1.46384e+06
7.83145e-12, 0.249032, 1.4598e+06
7.80993e-12, 0.248348, 1.45579e+06
7.78853e-12, 0.247668, 1.4518e+06
7.76725e-12, 0.246991, 1.44784e+06
7.74609e-12, 0.246318, 1.44389e+06
7.72504e-12, 0.245649, 1.43997e+06
7.70411e-12, 0.244983, 1.43607e+06
7.68328e-12, 0.244321, 1.43219e+06
7.66257e-12, 0.243662, 1.42833e+06
7.64198e-12, 0.243007, 1.42449e+06
7.62149e-12, 0.242356, 1.42067e+06
7.60111e-12, 0.241708, 1.41687e+06
7.58084e-12, 0.241063, 1.41309e+06
7.56068e-12, 0.240422, 1.40934e+06
7.54062e-12, 0.239784, 1.4056e+06
7.52067e-12, 0.23915, 1.40188e+06
7.50083e-12, 0.238519, 1.39818e+06
7.48109e-12, 0.237891, 1.3945e+06
7.46146e-12, 0.237267, 1.39084e+06
7.44192e-12, 0.236645, 1.3872e+06
7.42249e-12, 0.236028, 1.38358e+06
7.40316e-12, 0.235413, 1.37998e+06
7.38393e-12, 0.234801, 1.37639e+06
7.36481e-12, 0.234193, 1.37283e+06
7.34577e-12, 0.233588, 1.36928e+06
7.32684e-12, 0.232986, 1.36575e+06
7.30801e-12, 0.232387, 1.36224e+06
7.28927e-12, 0.231791, 1.35875e+06
7.27063e-12, 0.231198, 1.35527e+06
7.25208e-12, 0.230608, 1.35182e+06
7.23363e-12, 0.230022, 1.34838e+06
7.21527e-12, 0.229438, 1.34496e+06
7.197e-12, 0.228857, 1.34155e+06
7.17883e-12, 0.228279, 1.33816e+06
7.16074e-12, 0.227704, 1.33479e+06
7.14275e-12, 0.227132, 1.33144e+06
7.12485e-12, 0.226562, 1.3281e+06
7.10704e-12, 0.225996, 1.32478e+06
7.08931e-12, 0.225432, 1.32148e+06
7.07168e-12, 0.224872, 1.31819e+06
7.05413e-12, 0.224314, 1.31492e+06
7.03667e-12, 0.223758, 1.31167e+06
7.0193e-12, 0.223206, 1.30843e+06
7.00201e-12, 0.222656, 1.30521e+06
6.9848e-12, 0.222109, 1.302e+06
6.96768e-12, 0.221565, 1.29881e+06
6.95065e-12, 0.221023, 1.29563e+06
6.93369e-12, 0.220484, 1.29247e+06
6.91682e-12, 0.219947, 1.28933e+06
6.90004e-12, 0.219413, 1.2862e+06
6.88333e-12, 0.218882, 1.28309e+06
6.8667e-12, 0.218353, 1.27999e+06
6.85016e-12, 0.217827, 1.2769e+06
6.83369e-12, 0.217304, 1.27384e+06
6.8173e-12, 0.216782, 1.27078e+06
6.80099e-12, 0.216264, 1.26774e+06
6.78476e-12, 0.215748, 1.26472e+06
6.76861e-12, 0.215234, 1.2617e+06
6.75253e-12, 0.214723, 1.25871e+06
6.73653e-12, 0.214214, 1.25573e+06
6.7206e-12, 0.213707, 1.25276e+06
6.70475e-12, 0.213203, 1.2498e+06
6.68898e-12, 0.212702, 1.24686e+06
6.67327e-12, 0.212202, 1.24394e+06
6.65765e-12, 0.211705, 1.24102e+06
6.64209e-12, 0.211211, 1.23812e+06
6.62661e-12, 0.210718, 1.23524e+06
6.6112e-12, 0.210228, 1.23237e+06
6.59586e-12, 0.209741, 1.22951e+06
6.58059e-12, 0.209255, 1.22666e+06
6.56539e-12, 0.208772, 1.22383e+06
6.55026e-12, 0.208291, 1.22101e+06
6.53521e-12, 0.207812, 1.2182e+06
6.52022e-12, 0.207335, 1.21541e+06
6.5053e-12, 0.206861, 1.21263e+06
6.49044e-12, 0.206388, 1.20986e+06
6.47566e-12, 0.205918, 1.2071e+06
6.46094e-12, 0.20545, 1.20436e+06
6.44629e-12, 0.204984, 1.20163e+06
6.43171e-12, 0.204521, 1.19891e+06
6.41719e-12, 0.204059, 1.1962e+06
6.40274e-12, 0.203599, 1.19351e+06
6.38835e-12, 0.203142, 1.19083e+06
6.37402e-12, 0.202686, 1.18816e+06
6.35976e-12, 0.202233, 1.1855e+06
6.34557e-12, 0.201781, 1.18285e+06
6.33144e-12, 0.201332, 1.18022e+06
6.31737e-12, 0.200885, 1.1776e+06
6.30336e-12, 0.200439, 1.17499e+06
6.28941e-12, 0.199996, 1.17239e+06
6.27553e-12, 0.199554, 1.1698e+06
6.26171e-12, 0.199115, 1.16722e+06
6.24794e-12, 0.198677, 1.16466e+06
6.23424e-12, 0.198241, 1.1621e+06
6.2206e-12, 0.197808, 1.15956e+06
6.20702e-12, 0.197376, 1.15703e+06
6.1935e-12, 0.196946, 1.15451e+06
6.18003e-12, 0.196517, 1.152e+06
6.16663e-12, 0.196091, 1.1495e+06
6.15328e-12, 0.195667, 1.14701e+06
6.13999e-12, 0.195244, 1.14454e+06
6.12676e-12, 0.194823, 1.14207e+06
6.11358e-12, 0.194404, 1.13961e+06
6.10046e-12, 0.193987, 1.13717e+06
6.0874e-12, 0.193572, 1.13473e+06
6.07439e-12, 0.193158, 1.13231e+06
6.06144e-12, 0.192746, 1.1299e+06
6.04854e-12, 0.192336, 1.12749e+06
6.0357e-12, 0.191928, 1.1251e+06
6.02291e-12, 0.191521, 1.12271e+06
6.01018e-12, 0.191116, 1.12034e+06
5.9975e-12, 0.190713, 1.11798e+06
5.98487e-12, 0.190311, 1.11562e+06
5.9723e-12, 0.189912, 1.11328e+06
5.95978e-12, 0.189513, 1.11095e+06
5.94731e-12, 0.189117, 1.10862e+06
5.9349e-12, 0.188722, 1.10631e+06
5.92253e-12, 0.188329, 1.104e+06
5.91022e-12, 0.187937, 1.10171e+06
5.89796e-12, 0.187547, 1.09942e+06
5.88574e-12, 0.187159, 1.09715e+06
5.87358e-12, 0.186772, 1.09488e+06
5.86147e-12, 0.186387, 1.09262e+06
5.84941e-12, 0.186004, 1.09038e+06
5.8374e-12, 0.185622, 1.08814e+06
5.82544e-12, 0.185241, 1.08591e+06
5.81353e-12, 0.184863, 1.08369e+06
5.80166e-12, 0.184485, 1.08147e+06
5.78985e-12, 0.18411, 1.07927e+06
5.77808e-12, 0.183735, 1.07708e+06
5.76636e-12, 0.183363, 1.07489e+06
5.75469e-12, 0.182992, 1.07272e+06
5.74306e-12, 0.182622, 1.07055e+06
5.73148e-12, 0.182254, 1.06839e+06
5.71995e-12, 0.181887, 1.06624e+06
5.70846e-12, 0.181522, 1.0641e+06
5.69702e-12, 0.181158, 1.06197e+06
