#DeltaTime, Location Error, Velocity Error
/InverseX
2.84281e-10, 3.01088, 6.48499e-05
2.36901e-10, 2.50938, 3.8147e-06
2.03058e-10, 2.1511, 4.19617e-05
1.77676e-10, 1.88234, 0.000198364
1.57934e-10, 1.67328, 1.52588e-05
1.42141e-10, 1.50601, 5.72205e-05
1.29219e-10, 1.36915, 1.14441e-05
1.18451e-10, 1.25509, 0.000297546
1.09339e-10, 1.15857, 8.7738e-05
1.01529e-10, 1.07584, 0.000106812
9.47605e-11, 1.00414, 0.000320435
8.8838e-11, 0.941393, 0.000102997
8.36122e-11, 0.886029, 0.00012207
7.89671e-11, 0.836816, 7.62939e-05
7.48109e-11, 0.792782, 0.000144958
7.10704e-11, 0.75315, 6.48499e-05
6.76861e-11, 0.717292, 0.000110626
6.46094e-11, 0.684694, 0.000514984
6.18003e-11, 0.654929, 0
5.92253e-11, 0.627645, 1.90735e-05
5.68563e-11, 0.602543, 0.000400543
5.46695e-11, 0.579372, 0.000228882
5.26447e-11, 0.557917, 0.000423431
5.07646e-11, 0.537994, 0.000923157
4.9014e-11, 0.519445, 6.48499e-05
4.73802e-11, 0.502132, 0.000164032
4.58519e-11, 0.485936, 3.8147e-06
4.4419e-11, 0.470752, 0.000179291
4.3073e-11, 0.456489, 1.52588e-05
4.18061e-11, 0.443064, 0.000244141
4.06116e-11, 0.430407, 0.000347137
3.94835e-11, 0.418452, 0.00087738
3.84164e-11, 0.407144, 1.14441e-05
3.74055e-11, 0.396431, 0.000213623
3.64463e-11, 0.386267, 0.000350952
3.55352e-11, 0.376611, 0.00107956
3.46685e-11, 0.367426, 0.00063324
3.3843e-11, 0.358679, 0.000396729
3.3056e-11, 0.350338, 0.00025177
3.23047e-11, 0.342377, 0.000171661
3.15868e-11, 0.334769, 0.000995636
3.09002e-11, 0.327492, 1.14441e-05
3.02427e-11, 0.320524, 0.000530243
2.96127e-11, 0.313847, 7.24792e-05
2.90083e-11, 0.307443, 0.000946045
2.84281e-11, 0.301294, 0.00050354
2.78707e-11, 0.295387, 0.000228882
2.73348e-11, 0.289707, 0.00146103
2.6819e-11, 0.284241, 0.000701904
2.63224e-11, 0.278978, 0.000221252
2.58438e-11, 0.273906, 0.001297
2.53823e-11, 0.269015, 0.000164032
2.4937e-11, 0.264296, 0.00114059
2.4507e-11, 0.259739, 0.00147247
2.40917e-11, 0.255337, 0.00114441
2.36901e-11, 0.251082, 0.001091
2.33018e-11, 0.246966, 0.000514984
2.29259e-11, 0.242983, 0.001297
2.2562e-11, 0.239126, 0.000465393
2.22095e-11, 0.23539, 0.00153351
2.18678e-11, 0.231769, 0.00144577
2.15365e-11, 0.228258, 0.00138855
2.1215e-11, 0.224851, 0.000286102
2.09031e-11, 0.221545, 0.00214767
2.06001e-11, 0.218334, 9.15527e-05
2.03058e-11, 0.215215, 0.00141907
2.00198e-11, 0.212184, 0.00181198
1.97418e-11, 0.209237, 0.00149918
1.94713e-11, 0.206371, 0.000797272
1.92082e-11, 0.203582, 0.000270844
1.89521e-11, 0.200868, 0.00038147
1.87027e-11, 0.198225, 0.00188828
1.84598e-11, 0.195651, 0.00031662
1.82232e-11, 0.193143, 0.00104141
1.79925e-11, 0.190698, 0.000904083
1.77676e-11, 0.188314, 7.24792e-05
1.75482e-11, 0.18599, 0.00178909
1.73342e-11, 0.183722, 0.000999451
1.71254e-11, 0.181508, 0.00215149
1.69215e-11, 0.179347, 0.00265121
1.67224e-11, 0.177238, 0.00043869
1.6528e-11, 0.175177, 0.000133514
1.6338e-11, 0.173163, 0.000324249
1.61524e-11, 0.171196, 1.14441e-05
1.59709e-11, 0.169272, 4.19617e-05
1.57934e-11, 0.167391, 0.00168991
1.56199e-11, 0.165552, 0.000637054
1.54501e-11, 0.163753, 0.000774384
1.5284e-11, 0.161992, 0.000240326
1.51214e-11, 0.160269, 0.000740051
1.49622e-11, 0.158582, 0.00122833
1.48063e-11, 0.15693, 5.72205e-05
1.46537e-11, 0.155312, 0.000572205
1.45042e-11, 0.153727, 0.00184631
1.43577e-11, 0.152175, 0.000583649
1.42141e-11, 0.150653, 0.00225449
1.40733e-11, 0.149161, 0.0014267
1.39354e-11, 0.147699, 0.000915527
1.38001e-11, 0.146265, 0.000953674
1.36674e-11, 0.144859, 0.00199509
1.35372e-11, 0.143479, 0.000751495
1.34095e-11, 0.142126, 0.000705719
1.32842e-11, 0.140798, 0.00137329
1.31612e-11, 0.139494, 1.52588e-05
1.30404e-11, 0.138214, 0.000766754
1.29219e-11, 0.136958, 0.00180054
1.28055e-11, 0.135724, 0.00211334
1.26911e-11, 0.134512, 0.00296021
1.25788e-11, 0.133322, 0.00281906
1.24685e-11, 0.132152, 0.000343323
1.23601e-11, 0.131003, 0.00148392
1.22535e-11, 0.129874, 0.00235367
1.21488e-11, 0.128764, 0.000740051
1.20458e-11, 0.127673, 0.00165939
1.19446e-11, 0.1266, 0.000259399
1.18451e-11, 0.125545, 0.00215149
1.17472e-11, 0.124507, 0.000904083
1.16509e-11, 0.123487, 0.00357437
1.15562e-11, 0.122483, 0.0019722
1.1463e-11, 0.121495, 0.00221252
1.13713e-11, 0.120523, 5.72205e-05
1.1281e-11, 0.119567, 0.00102997
1.11922e-11, 0.118625, 0.003582
1.11047e-11, 0.117699, 0.00273514
1.10187e-11, 0.116786, 0.000278473
1.09339e-11, 0.115888, 0.00160217
1.08504e-11, 0.115003, 0.00153351
1.07682e-11, 0.114132, 0.00260544
1.06873e-11, 0.113274, 0.000713348
1.06075e-11, 0.112429, 0.00325012
1.05289e-11, 0.111596, 0.00440979
1.04515e-11, 0.110775, 0.00340652
1.03752e-11, 0.109967, 0.000286102
1.03001e-11, 0.10917, 0.000469208
1.0226e-11, 0.108385, 0.000434875
1.01529e-11, 0.10761, 0.000499725
1.00809e-11, 0.106847, 0.00355148
1.00099e-11, 0.106095, 0.00277328
9.93991e-12, 0.105353, 0.00355911
9.87088e-12, 0.104621, 0.000858307
9.80281e-12, 0.1039, 0.00133896
9.73567e-12, 0.103188, 0.000385284
9.66944e-12, 0.102486, 0.00328827
9.6041e-12, 0.101794, 0.00056076
9.53965e-12, 0.101111, 0.00186539
9.47605e-12, 0.100437, 0.000190735
9.41329e-12, 0.0997715, 0.00131607
9.35136e-12, 0.0991151, 0.0040741
9.29024e-12, 0.0984673, 0.0019455
9.22992e-12, 0.0978279, 0.00121307
9.17037e-12, 0.0971968, 0.00302505
9.11159e-12, 0.0965737, 0.00541687
9.05355e-12, 0.0959586, 0.00280762
8.99625e-12, 0.0953513, 0.00242615
8.93967e-12, 0.0947516, 0.00404739
8.8838e-12, 0.0941595, 0.00419235
8.82862e-12, 0.0935746, 0.00398636
8.77412e-12, 0.092997, 0.00150299
8.72029e-12, 0.0924265, 0.000339508
8.66712e-12, 0.0918629, 0.00273514
8.61459e-12, 0.0913062, 0.0036087
8.5627e-12, 0.0907562, 0.000331879
8.51142e-12, 0.0902127, 0.00399017
8.46076e-12, 0.0896758, 0.00435257
8.41069e-12, 0.0891452, 0.00410461
8.36122e-12, 0.0886208, 0.00403976
8.31232e-12, 0.0881026, 0.00345612
8.264e-12, 0.0875903, 0.00543976
8.21623e-12, 0.0870841, 0.0031395
8.16901e-12, 0.0865836, 0.00520325
8.12233e-12, 0.0860888, 0.00381088
8.07618e-12, 0.0855997, 0.00460434
8.03055e-12, 0.0851161, 0.00204468
7.98543e-12, 0.0846379, 0.000167847
7.94082e-12, 0.0841651, 0.00444031
7.89671e-12, 0.0836975, 0.00165939
7.85308e-12, 0.0832351, 0.00401306
7.80993e-12, 0.0827778, 0.00162125
7.76725e-12, 0.0823255, 0.00389481
7.72504e-12, 0.081878, 0.00187302
7.68328e-12, 0.0814355, 0.000923157
7.64198e-12, 0.0809977, 0.00529099
7.60111e-12, 0.0805645, 0.00527573
7.56068e-12, 0.080136, 0.00504303
7.52067e-12, 0.079712, 0.00495529
7.48109e-12, 0.0792925, 0.00202942
7.44192e-12, 0.0788773, 0.000881195
7.40316e-12, 0.0784665, 0.00531006
7.36481e-12, 0.07806, 0.00384521
7.32684e-12, 0.0776576, 0.00119781
7.28927e-12, 0.0772594, 0.00490952
7.25208e-12, 0.0768652, 0.00236511
7.21527e-12, 0.076475, 0.00504684
7.17883e-12, 0.0760888, 0.000740051
7.14275e-12, 0.0757065, 0.00474548
7.10704e-12, 0.0753279, 0.000873566
7.07168e-12, 0.0749532, 0.000328064
7.03667e-12, 0.0745821, 0.00118637
7.00201e-12, 0.0742147, 0.00614166
6.96768e-12, 0.0738509, 0.00746918
6.93369e-12, 0.0734907, 0.0030365
6.90004e-12, 0.073134, 0.00094223
6.8667e-12, 0.0727807, 0.00396729
6.83369e-12, 0.0724308, 0.00234604
6.80099e-12, 0.0720842, 0.00126266
6.76861e-12, 0.0717409, 0.00130844
6.73653e-12, 0.0714009, 0.00121307
6.70475e-12, 0.0710642, 0.00123215
6.67327e-12, 0.0707305, 0.00357056
6.64209e-12, 0.0704, 0.00423813
6.6112e-12, 0.0700726, 0.00514221
6.58059e-12, 0.0697482, 0.00569916
6.55026e-12, 0.0694268, 0.00355911
6.52022e-12, 0.0691083, 0.00598526
6.49044e-12, 0.0687927, 0.00233078
6.46094e-12, 0.0684801, 0.0030365
6.43171e-12, 0.0681702, 0.00154877
6.40274e-12, 0.0678631, 0.000499725
6.37402e-12, 0.0675588, 0.000621796
6.34557e-12, 0.0672572, 0.00111008
6.31737e-12, 0.0669583, 0.0030098
6.28941e-12, 0.066662, 0.00355911
6.26171e-12, 0.0663684, 0.00343323
6.23424e-12, 0.0660773, 1.52588e-05
6.20702e-12, 0.0657887, 0.002388
6.18003e-12, 0.0655027, 0.00204086
6.15328e-12, 0.0652192, 0.00311279
6.12676e-12, 0.064938, 0.00486374
6.10046e-12, 0.0646593, 0.00226593
6.07439e-12, 0.064383, 0.00178146
6.04854e-12, 0.0641091, 0.000457764
6.02291e-12, 0.0638374, 0.0030098
5.9975e-12, 0.0635681, 0.00082016
5.9723e-12, 0.063301, 0.0016861
5.94731e-12, 0.0630361, 0.0049324
5.92253e-12, 0.0627735, 0.00267029
5.89796e-12, 0.062513, 0.000732422
5.87358e-12, 0.0622547, 0.0091629
5.84941e-12, 0.0619985, 0.00298309
5.82544e-12, 0.0617444, 0.00149155
5.80166e-12, 0.0614924, 0.00361252
5.77808e-12, 0.0612424, 0.00109863
5.75469e-12, 0.0609945, 0.00626373
5.73148e-12, 0.0607486, 0.00170898
5.70846e-12, 0.0605046, 0.00282669
5.68563e-12, 0.0602626, 0.00104904
5.66298e-12, 0.0600225, 0.000377655
5.64051e-12, 0.0597843, 0.00787735
5.61821e-12, 0.059548, 0.00448227
5.59609e-12, 0.0593136, 8.39233e-05
5.57415e-12, 0.059081, 0.00297928
5.55237e-12, 0.0588502, 0.00183868
5.53077e-12, 0.0586212, 0.00210953
5.50933e-12, 0.058394, 0.0055275
5.48806e-12, 0.0581685, 0.000846863
5.46695e-12, 0.0579448, 0.00432587
5.44601e-12, 0.0577228, 0.00172043
5.42522e-12, 0.0575025, 0.000141144
5.40459e-12, 0.0572839, 0.00721741
5.38412e-12, 0.0570669, 0.00286102
5.3638e-12, 0.0568515, 0.00699234
5.34364e-12, 0.0566378, 0.00144577
5.32362e-12, 0.0564257, 0.00239563
5.30376e-12, 0.0562151, 0.000453949
5.28404e-12, 0.0560062, 0.00688171
5.26447e-12, 0.0557987, 0.000240326
5.24505e-12, 0.0555928, 0.00111008
5.22576e-12, 0.0553885, 0.00162125
5.20662e-12, 0.0551856, 0.00263596
5.18762e-12, 0.0549842, 0.00111771
5.16875e-12, 0.0547842, 0.00602341
5.15003e-12, 0.0545857, 0.00164795
5.13143e-12, 0.0543887, 0.00311661
5.11298e-12, 0.054193, 0.00142288
5.09465e-12, 0.0539988, 0.000926971
5.07646e-12, 0.053806, 0.00629044
5.05839e-12, 0.0536145, 0.00812912
5.04045e-12, 0.0534244, 0.00180054
5.02264e-12, 0.0532356, 0.00186539
5.00496e-12, 0.0530481, 0.00428772
4.98739e-12, 0.052862, 0.000839233
4.96996e-12, 0.0526772, 0.0057373
4.95264e-12, 0.0524936, 0.00386047
4.93544e-12, 0.0523114, 0.00634384
4.91836e-12, 0.0521304, 0.000484467
4.9014e-12, 0.0519506, 0.00094986
4.88456e-12, 0.0517721, 0.00129318
4.86783e-12, 0.0515948, 0.00663757
4.85122e-12, 0.0514187, 0.00695801
4.83472e-12, 0.0512438, 0.000720978
4.81833e-12, 0.0510701, 0.00124359
4.80205e-12, 0.0508976, 0.00880051
4.78588e-12, 0.0507262, 0.00635147
4.76982e-12, 0.050556, 0.00184631
4.75387e-12, 0.0503869, 0.000965118
4.73802e-12, 0.0502189, 0.00833893
4.72228e-12, 0.0500521, 0.00540161
4.70665e-12, 0.0498864, 0.00702286
4.69111e-12, 0.0497217, 0.00623322
4.67568e-12, 0.0495582, 0.00147629
4.66035e-12, 0.0493957, 0.00232697
4.64512e-12, 0.0492343, 0.00440216
4.62999e-12, 0.0490739, 0.00159454
4.61496e-12, 0.0489146, 0.00258255
4.60002e-12, 0.0487563, 0.00735474
4.58519e-12, 0.048599, 0.000175476
4.57044e-12, 0.0484427, 0.00925827
4.55579e-12, 0.0482875, 0.000484467
4.54124e-12, 0.0481332, 0.000114441
4.52678e-12, 0.0479799, 0.00405121
4.5124e-12, 0.0478276, 0.00726318
4.49812e-12, 0.0476762, 0.00350189
4.48394e-12, 0.0475258, 9.53674e-05
4.46983e-12, 0.0473764, 0.00687027
4.45582e-12, 0.0472279, 0.00281525
4.4419e-12, 0.0470803, 0.000812531
4.42806e-12, 0.0469336, 0.00393295
4.41431e-12, 0.0467879, 0.000522614
4.40064e-12, 0.046643, 0.00543594
4.38706e-12, 0.0464991, 0.00550842
4.37356e-12, 0.046356, 0.00328445
4.36015e-12, 0.0462138, 0.00818634
4.34681e-12, 0.0460725, 0.00180817
4.33356e-12, 0.045932, 0.001297
4.32039e-12, 0.0457924, 0.00455093
4.3073e-12, 0.0456536, 0.00111771
4.29428e-12, 0.0455157, 0.00798035
4.28135e-12, 0.0453786, 0.00791168
4.26849e-12, 0.0452423, 0.00510788
4.25571e-12, 0.0451069, 0.00707626
4.24301e-12, 0.0449722, 0.00733566
4.23038e-12, 0.0448384, 0.00551224
4.21783e-12, 0.0447053, 0.00537872
4.20535e-12, 0.0445731, 0.00104904
4.19294e-12, 0.0444416, 0.00178909
4.18061e-12, 0.0443109, 0.00102997
4.16835e-12, 0.044181, 0.000972748
4.15616e-12, 0.0440518, 0.00624466
4.14404e-12, 0.0439233, 0.00181198
4.132e-12, 0.0437957, 0.000671387
4.12002e-12, 0.0436687, 0.00650787
4.10811e-12, 0.0435425, 0.00181198
4.09627e-12, 0.043417, 0.000465393
4.0845e-12, 0.0432923, 0.000148773
4.0728e-12, 0.0431682, 0.00101852
4.06116e-12, 0.0430449, 0.00114059
4.04959e-12, 0.0429222, 0.00719452
4.03809e-12, 0.0428003, 0.00038147
4.02665e-12, 0.0426791, 0.00841904
4.01528e-12, 0.0425585, 0.0034256
4.00396e-12, 0.0424386, 0.00600433
3.99272e-12, 0.0423194, 0.000682831
3.98153e-12, 0.0422009, 0.00105667
3.97041e-12, 0.042083, 0.00111008
3.95935e-12, 0.0419658, 0.00102997
3.94835e-12, 0.0418492, 0.0017395
3.93742e-12, 0.0417333, 0.000450134
3.92654e-12, 0.041618, 0.00576782
3.91572e-12, 0.0415033, 0.00239182
3.90497e-12, 0.0413893, 0.0108604
3.89427e-12, 0.0412759, 0.000431061
3.88363e-12, 0.0411632, 0.0071373
3.87304e-12, 0.041051, 0.0057106
3.86252e-12, 0.0409394, 0.00345612
3.85205e-12, 0.0408285, 0.00846481
3.84164e-12, 0.0407182, 0.00911331
3.83129e-12, 0.0406084, 0.00398254
3.82099e-12, 0.0404992, 0.00258636
3.81074e-12, 0.0403907, 0.0098877
3.80055e-12, 0.0402827, 4.19617e-05
3.79042e-12, 0.0401753, 0.00178146
3.78034e-12, 0.0400684, 0.00798035
3.77031e-12, 0.0399621, 0.00462341
3.76034e-12, 0.0398564, 0.00104904
3.75042e-12, 0.0397512, 0.00850677
3.74055e-12, 0.0396466, 0.000976562
3.73073e-12, 0.0395426, 0.00779343
3.72096e-12, 0.0394391, 0.0109596
3.71125e-12, 0.0393361, 0.00196838
3.70158e-12, 0.0392337, 0.00105286
3.69197e-12, 0.0391317, 0.00883865
3.6824e-12, 0.0390304, 0.00588608
3.67289e-12, 0.0389295, 0.00540924
3.66342e-12, 0.0388292, 0.0124397
3.654e-12, 0.0387294, 0.00588608
3.64463e-12, 0.0386301, 0.00823593
3.63531e-12, 0.0385313, 0.00419617
3.62604e-12, 0.038433, 0.00600815
3.61681e-12, 0.0383352, 0.000774384
3.60763e-12, 0.0382379, 0.00923538
3.5985e-12, 0.0381411, 0.0030098
3.58941e-12, 0.0380448, 0.01157
3.58037e-12, 0.0379489, 0.00382996
3.57138e-12, 0.0378536, 0.00877762
3.56242e-12, 0.0377587, 5.72205e-05
3.55352e-12, 0.0376643, 0.0092392
3.54466e-12, 0.0375704, 0.00509262
3.53584e-12, 0.0374769, 0.00165939
3.52707e-12, 0.0373839, 0.00567245
3.51834e-12, 0.0372914, 0.00105286
3.50965e-12, 0.0371993, 0.000614166
3.501e-12, 0.0371077, 0.00893021
3.4924e-12, 0.0370165, 0.00271225
3.48384e-12, 0.0369258, 0.0015564
3.47532e-12, 0.0368355, 0.000404358
3.46685e-12, 0.0367457, 0.00353241
3.45841e-12, 0.0366563, 0.00292969
3.45002e-12, 0.0365673, 0.000656128
3.44166e-12, 0.0364788, 0.00124741
3.43335e-12, 0.0363907, 0.00136185
3.42508e-12, 0.036303, 0.00873947
3.41684e-12, 0.0362157, 0.0043602
3.40865e-12, 0.0361289, 0.00217438
3.4005e-12, 0.0360424, 0.000968933
3.39238e-12, 0.0359564, 0.0109177
3.3843e-12, 0.0358708, 0.00037384
3.37626e-12, 0.0357856, 0.000854492
3.36826e-12, 0.0357008, 0.00018692
3.3603e-12, 0.0356164, 0.00531769
3.35238e-12, 0.0355324, 0.00124741
3.34449e-12, 0.0354488, 0.0033493
3.33664e-12, 0.0353656, 0.00549316
3.32882e-12, 0.0352828, 0.0111198
3.32105e-12, 0.0352003, 0.00897598
3.3133e-12, 0.0351183, 0.011795
3.3056e-12, 0.0350366, 0.00901031
3.29793e-12, 0.0349553, 0.010643
3.29029e-12, 0.0348744, 0.00940704
3.2827e-12, 0.0347939, 0.00815964
3.27513e-12, 0.0347137, 0.0057373
3.2676e-12, 0.0346339, 0.00279999
3.26011e-12, 0.0345545, 0.0108299
3.25265e-12, 0.0344754, 0.00574875
3.24522e-12, 0.0343967, 0.00600815
3.23783e-12, 0.0343183, 0.0052681
3.23047e-12, 0.0342403, 0.00421906
3.22315e-12, 0.0341627, 0.00764465
3.21585e-12, 0.0340854, 0.00118637
3.20859e-12, 0.0340084, 0.0127831
3.20137e-12, 0.0339319, 0.00918198
3.19417e-12, 0.0338556, 0.00847626
3.18701e-12, 0.0337797, 0.0026741
3.17988e-12, 0.0337041, 0.000465393
3.17278e-12, 0.0336289, 0.0086174
3.16572e-12, 0.033554, 0.00962448
3.15868e-12, 0.0334794, 0.00161743
3.15168e-12, 0.0334052, 0.00423813
3.14471e-12, 0.0333313, 0.00608063
3.13776e-12, 0.0332577, 0.00180054
3.13085e-12, 0.0331845, 0.00478745
3.12397e-12, 0.0331115, 0.00464249
3.11712e-12, 0.0330389, 0.0112152
3.1103e-12, 0.0329666, 0.00031662
3.10351e-12, 0.0328946, 0.00285339
3.09675e-12, 0.032823, 0.00250244
3.09002e-12, 0.0327516, 0.0105438
3.08331e-12, 0.0326806, 0.00384521
3.07664e-12, 0.0326098, 0.000991821
3.06999e-12, 0.0325394, 0.00647354
3.06338e-12, 0.0324693, 0.00756836
3.05679e-12, 0.0323995, 0.000778198
3.05023e-12, 0.0323299, 0.00179291
3.0437e-12, 0.0322607, 0.00747299
3.0372e-12, 0.0321918, 0.015461
3.03072e-12, 0.0321231, 0.00756836
3.02427e-12, 0.0320548, 0.0114708
3.01785e-12, 0.0319867, 0.0111351
3.01146e-12, 0.031919, 0.00535583
3.00509e-12, 0.0318515, 0.00601959
2.99875e-12, 0.0317843, 0.000125885
2.99244e-12, 0.0317174, 0.000347137
2.98615e-12, 0.0316507, 0.0160637
2.97989e-12, 0.0315844, 0.0055809
2.97366e-12, 0.0315183, 0.00335693
2.96745e-12, 0.0314525, 0.0161743
2.96127e-12, 0.031387, 0.00488663
2.95511e-12, 0.0313217, 0.00270844
2.94898e-12, 0.0312567, 0.00119781
2.94287e-12, 0.031192, 0.00830841
2.93679e-12, 0.0311276, 0.0161057
2.93074e-12, 0.0310634, 0.00397873
2.92471e-12, 0.0309995, 0.00676727
2.9187e-12, 0.0309358, 0.0105438
2.91272e-12, 0.0308724, 0.00175476
2.90676e-12, 0.0308093, 0.0039978
2.90083e-12, 0.0307464, 0.00487137
2.89492e-12, 0.0306838, 0.0154343
2.88904e-12, 0.0306215, 0.00205231
2.88318e-12, 0.0305593, 0.00535202
2.87734e-12, 0.0304975, 0.00468826
2.87153e-12, 0.0304359, 0.00850677
2.86574e-12, 0.0303745, 0.00214767
2.85997e-12, 0.0303134, 0.0165901
2.85423e-12, 0.0302525, 0.000320435
2.84851e-12, 0.0301919, 0.00165558
