#DeltaTime, Location Error, Velocity Error
/InverseX
5.68563e-10, 18.1297, 1.05202e+08
2.84281e-10, 9.05224, 5.27981e+07
1.89521e-10, 6.03201, 3.52427e+07
1.42141e-10, 4.52295, 2.64485e+07
1.13713e-10, 3.61785, 2.11668e+07
9.47605e-11, 3.01459, 1.76434e+07
8.12233e-11, 2.58376, 1.51256e+07
7.10704e-11, 2.26068, 1.32367e+07
6.31737e-11, 2.00941, 1.17672e+07
5.68563e-11, 1.80842, 1.05913e+07
5.16875e-11, 1.64397, 9.62913e+06
4.73802e-11, 1.50694, 8.8272e+06
4.37356e-11, 1.391, 8.14858e+06
4.06116e-11, 1.29162, 7.56685e+06
3.79042e-11, 1.2055, 7.06264e+06
3.55352e-11, 1.13014, 6.62144e+06
3.34449e-11, 1.06365, 6.23211e+06
3.15868e-11, 1.00455, 5.88603e+06
2.99244e-11, 0.95167, 5.57636e+06
2.84281e-11, 0.90408, 5.29765e+06
2.70744e-11, 0.861023, 5.04547e+06
2.58438e-11, 0.82188, 4.81621e+06
2.47201e-11, 0.786142, 4.60687e+06
2.36901e-11, 0.753382, 4.41498e+06
2.27425e-11, 0.723244, 4.23843e+06
2.18678e-11, 0.695423, 4.07546e+06
2.10579e-11, 0.669664, 3.92456e+06
2.03058e-11, 0.645745, 3.78444e+06
1.96056e-11, 0.623476, 3.65397e+06
1.89521e-11, 0.602692, 3.5322e+06
1.83407e-11, 0.583248, 3.41829e+06
1.77676e-11, 0.56502, 3.31149e+06
1.72292e-11, 0.547897, 3.21117e+06
1.67224e-11, 0.531781, 3.11674e+06
1.62447e-11, 0.516586, 3.02771e+06
1.57934e-11, 0.502235, 2.94363e+06
1.53666e-11, 0.48866, 2.86409e+06
1.49622e-11, 0.4758, 2.78873e+06
1.45785e-11, 0.463599, 2.71724e+06
1.42141e-11, 0.452008, 2.64932e+06
1.38674e-11, 0.440983, 2.58471e+06
1.35372e-11, 0.430482, 2.52318e+06
1.32224e-11, 0.420471, 2.46452e+06
1.29219e-11, 0.410914, 2.40851e+06
1.26347e-11, 0.401782, 2.355e+06
1.23601e-11, 0.393047, 2.30381e+06
1.20971e-11, 0.384684, 2.2548e+06
1.18451e-11, 0.376669, 2.20784e+06
1.16033e-11, 0.368981, 2.16278e+06
1.13713e-11, 0.361601, 2.11953e+06
1.11483e-11, 0.354511, 2.07798e+06
1.09339e-11, 0.347693, 2.03803e+06
1.07276e-11, 0.341132, 1.99958e+06
1.05289e-11, 0.334815, 1.96255e+06
1.03375e-11, 0.328727, 1.92688e+06
1.01529e-11, 0.322856, 1.89247e+06
9.97479e-12, 0.317192, 1.85928e+06
9.80281e-12, 0.311723, 1.82722e+06
9.63666e-12, 0.306439, 1.79626e+06
9.47605e-12, 0.301332, 1.76632e+06
9.3207e-12, 0.296392, 1.73737e+06
9.17037e-12, 0.291611, 1.70935e+06
9.02481e-12, 0.286982, 1.68222e+06
8.8838e-12, 0.282498, 1.65594e+06
8.74712e-12, 0.278151, 1.63047e+06
8.61459e-12, 0.273937, 1.60577e+06
8.48601e-12, 0.269848, 1.5818e+06
8.36122e-12, 0.265879, 1.55854e+06
8.24004e-12, 0.262026, 1.53596e+06
8.12233e-12, 0.258283, 1.51402e+06
8.00793e-12, 0.254645, 1.4927e+06
7.89671e-12, 0.251108, 1.47197e+06
7.78853e-12, 0.247668, 1.4518e+06
7.68328e-12, 0.244321, 1.43219e+06
7.58084e-12, 0.241063, 1.41309e+06
7.48109e-12, 0.237891, 1.3945e+06
7.38393e-12, 0.234801, 1.37639e+06
7.28927e-12, 0.231791, 1.35875e+06
7.197e-12, 0.228857, 1.34155e+06
7.10704e-12, 0.225996, 1.32478e+06
7.0193e-12, 0.223206, 1.30843e+06
6.93369e-12, 0.220484, 1.29247e+06
6.85016e-12, 0.217827, 1.2769e+06
6.76861e-12, 0.215234, 1.2617e+06
6.68898e-12, 0.212702, 1.24686e+06
6.6112e-12, 0.210228, 1.23237e+06
6.53521e-12, 0.207812, 1.2182e+06
6.46094e-12, 0.20545, 1.20436e+06
6.38835e-12, 0.203142, 1.19083e+06
6.31737e-12, 0.200885, 1.1776e+06
6.24794e-12, 0.198677, 1.16466e+06
6.18003e-12, 0.196517, 1.152e+06
6.11358e-12, 0.194404, 1.13961e+06
6.04854e-12, 0.192336, 1.12749e+06
5.98487e-12, 0.190311, 1.11562e+06
5.92253e-12, 0.188329, 1.104e+06
5.86147e-12, 0.186387, 1.09262e+06
5.80166e-12, 0.184485, 1.08147e+06
5.74306e-12, 0.182622, 1.07055e+06
5.68563e-12, 0.180796, 1.05985e+06
5.62934e-12, 0.179005, 1.04935e+06
5.57415e-12, 0.17725, 1.03907e+06
5.52003e-12, 0.17553, 1.02898e+06
5.46695e-12, 0.173842, 1.01909e+06
5.41489e-12, 0.172186, 1.00938e+06
5.3638e-12, 0.170562, 999860
5.31367e-12, 0.168968, 990516
5.26447e-12, 0.167403, 981345
5.21617e-12, 0.165867, 972343
5.16875e-12, 0.164359, 963504
5.12219e-12, 0.162878, 954824
5.07646e-12, 0.161424, 946299
5.03153e-12, 0.159996, 937926
4.98739e-12, 0.158592, 929699
4.94403e-12, 0.157213, 921615
4.9014e-12, 0.155858, 913671
4.85951e-12, 0.154525, 905862
4.81833e-12, 0.153216, 898186
4.77784e-12, 0.151928, 890638
4.73802e-12, 0.150662, 883217
4.69887e-12, 0.149417, 875918
4.66035e-12, 0.148192, 868739
4.62246e-12, 0.146987, 861676
4.58519e-12, 0.145802, 854728
4.5485e-12, 0.144636, 847890
4.5124e-12, 0.143488, 841161
4.47687e-12, 0.142358, 834538
4.4419e-12, 0.141246, 828019
4.40746e-12, 0.140151, 821601
4.37356e-12, 0.139073, 815281
4.34018e-12, 0.138011, 809058
4.3073e-12, 0.136965, 802929
4.27491e-12, 0.135936, 796892
4.24301e-12, 0.134921, 790946
4.21158e-12, 0.133922, 785087
4.18061e-12, 0.132937, 779315
4.15009e-12, 0.131967, 773627
4.12002e-12, 0.13101, 768021
4.09038e-12, 0.130068, 762496
4.06116e-12, 0.129139, 757050
4.03236e-12, 0.128223, 751681
4.00396e-12, 0.12732, 746388
3.97596e-12, 0.126429, 741168
3.94835e-12, 0.125551, 736022
3.92112e-12, 0.124686, 730946
3.89427e-12, 0.123831, 725940
3.86778e-12, 0.122989, 721002
3.84164e-12, 0.122158, 716130
3.81586e-12, 0.121338, 711324
3.79042e-12, 0.120529, 706582
3.76532e-12, 0.119731, 701903
3.74055e-12, 0.118943, 697286
3.7161e-12, 0.118166, 692728
3.69197e-12, 0.117399, 688230
3.66815e-12, 0.116641, 683790
3.64463e-12, 0.115893, 679407
3.62142e-12, 0.115155, 675080
3.5985e-12, 0.114426, 670808
3.57587e-12, 0.113707, 666589
3.55352e-12, 0.112996, 662423
3.53145e-12, 0.112294, 658309
3.50965e-12, 0.111601, 654245
3.48812e-12, 0.110916, 650232
3.46685e-12, 0.11024, 646267
3.44584e-12, 0.109572, 642350
3.42508e-12, 0.108912, 638481
3.40457e-12, 0.10826, 634658
3.3843e-12, 0.107615, 630880
3.36428e-12, 0.106978, 627148
3.34449e-12, 0.106349, 623459
3.32493e-12, 0.105727, 619813
3.3056e-12, 0.105112, 616209
3.28649e-12, 0.104505, 612648
3.2676e-12, 0.103904, 609127
3.24893e-12, 0.103311, 605646
3.23047e-12, 0.102724, 602205
3.21222e-12, 0.102143, 598803
3.19417e-12, 0.101569, 595439
3.17633e-12, 0.101002, 592113
3.15868e-12, 0.100441, 588823
3.14123e-12, 0.0998858, 585570
3.12397e-12, 0.099337, 582353
3.1069e-12, 0.0987941, 579171
3.09002e-12, 0.0982572, 576023
3.07331e-12, 0.0977261, 572910
3.05679e-12, 0.0972007, 569830
3.04044e-12, 0.0966809, 566783
3.02427e-12, 0.0961666, 563768
3.00827e-12, 0.0956578, 560785
2.99244e-12, 0.0951543, 557834
2.97677e-12, 0.0946561, 554914
2.96127e-12, 0.0941631, 552023
2.94592e-12, 0.0936752, 549163
2.93074e-12, 0.0931923, 546333
2.91571e-12, 0.0927144, 543531
2.90083e-12, 0.0922414, 540758
2.88611e-12, 0.0917731, 538013
2.87153e-12, 0.0913096, 535296
2.8571e-12, 0.0908508, 532606
2.84281e-12, 0.0903965, 529943
2.82867e-12, 0.0899468, 527307
2.81467e-12, 0.0895015, 524697
2.8008e-12, 0.0890606, 522112
2.78707e-12, 0.088624, 519553
2.77348e-12, 0.0881917, 517018
2.76001e-12, 0.0877636, 514509
2.74668e-12, 0.0873396, 512023
2.73348e-12, 0.0869197, 509562
2.7204e-12, 0.0865038, 507124
2.70744e-12, 0.0860919, 504709
2.69461e-12, 0.0856838, 502317
2.6819e-12, 0.0852797, 499948
2.66931e-12, 0.0848793, 497601
2.65684e-12, 0.0844826, 495275
2.64448e-12, 0.0840897, 492972
2.63224e-12, 0.0837004, 490690
2.62011e-12, 0.0833147, 488428
2.60809e-12, 0.0829325, 486188
2.59618e-12, 0.0825538, 483968
2.58438e-12, 0.0821785, 481768
2.57268e-12, 0.0818067, 479588
2.56109e-12, 0.0814382, 477428
2.54961e-12, 0.081073, 475287
2.53823e-12, 0.080711, 473166
2.52695e-12, 0.0803523, 471063
2.51577e-12, 0.0799968, 468978
2.50468e-12, 0.0796444, 466913
2.4937e-12, 0.079295, 464865
2.48281e-12, 0.0789488, 462835
2.47201e-12, 0.0786055, 460823
2.46131e-12, 0.0782652, 458828
2.4507e-12, 0.0779279, 456850
2.44018e-12, 0.0775934, 454889
2.42976e-12, 0.0772618, 452945
2.41942e-12, 0.076933, 451018
2.40917e-12, 0.076607, 449107
2.399e-12, 0.0762838, 447212
2.38892e-12, 0.0759633, 445333
2.37892e-12, 0.0756454, 443470
2.36901e-12, 0.0753302, 441622
2.35918e-12, 0.0750177, 439790
2.34943e-12, 0.0747077, 437973
2.33977e-12, 0.0744002, 436170
2.33018e-12, 0.0740953, 434383
2.32067e-12, 0.0737929, 432610
2.31123e-12, 0.0734929, 430851
2.30187e-12, 0.0731954, 429107
2.29259e-12, 0.0729002, 427377
2.28339e-12, 0.0726074, 425660
2.27425e-12, 0.072317, 423958
2.26519e-12, 0.0720289, 422269
2.2562e-12, 0.0717431, 420593
2.24728e-12, 0.0714595, 418931
2.23844e-12, 0.0711781, 417282
2.22966e-12, 0.070899, 415645
2.22095e-12, 0.0706221, 414022
2.21231e-12, 0.0703473, 412411
2.20373e-12, 0.0700746, 410812
2.19522e-12, 0.069804, 409226
2.18678e-12, 0.0695356, 407652
2.1784e-12, 0.0692691, 406090
2.17009e-12, 0.0690047, 404540
2.16184e-12, 0.0687424, 403002
2.15365e-12, 0.068482, 401476
2.14552e-12, 0.0682235, 399961
2.13745e-12, 0.0679671, 398457
2.12945e-12, 0.0677125, 396965
2.1215e-12, 0.0674598, 395484
2.11362e-12, 0.0672091, 394014
2.10579e-12, 0.0669601, 392554
2.09802e-12, 0.066713, 391106
2.09031e-12, 0.0664678, 389668
2.08265e-12, 0.0662243, 388241
2.07505e-12, 0.0659826, 386824
2.0675e-12, 0.0657427, 385417
2.06001e-12, 0.0655045, 384021
2.05257e-12, 0.065268, 382635
2.04519e-12, 0.0650332, 381258
2.03786e-12, 0.0648001, 379892
2.03058e-12, 0.0645687, 378535
2.02336e-12, 0.0643389, 377188
2.01618e-12, 0.0641107, 375850
2.00906e-12, 0.0638842, 374522
2.00198e-12, 0.0636592, 373204
1.99496e-12, 0.0634359, 371894
1.98798e-12, 0.0632141, 370594
1.98106e-12, 0.0629938, 369303
1.97418e-12, 0.0627751, 368020
1.96735e-12, 0.0625579, 366747
1.96056e-12, 0.0623421, 365482
1.95382e-12, 0.0621279, 364226
1.94713e-12, 0.0619151, 362979
1.94049e-12, 0.0617038, 361740
1.93389e-12, 0.0614939, 360510
1.92733e-12, 0.0612855, 359288
1.92082e-12, 0.0610784, 358074
1.91435e-12, 0.0608728, 356869
1.90793e-12, 0.0606685, 355671
1.90155e-12, 0.0604656, 354482
1.89521e-12, 0.0602641, 353300
1.88891e-12, 0.0600638, 352126
1.88266e-12, 0.059865, 350960
1.87645e-12, 0.0596674, 349802
1.87027e-12, 0.0594711, 348651
1.86414e-12, 0.0592761, 347508
1.85805e-12, 0.0590824, 346373
1.852e-12, 0.0588899, 345244
1.84598e-12, 0.0586987, 344124
1.84001e-12, 0.0585088, 343010
1.83407e-12, 0.05832, 341903
1.82818e-12, 0.0581325, 340804
1.82232e-12, 0.0579462, 339712
1.8165e-12, 0.0577611, 338627
1.81071e-12, 0.0575771, 337548
1.80496e-12, 0.0573943, 336477
1.79925e-12, 0.0572127, 335412
1.79357e-12, 0.0570322, 334354
1.78793e-12, 0.0568529, 333302
1.78233e-12, 0.0566746, 332258
1.77676e-12, 0.0564975, 331219
1.77122e-12, 0.0563215, 330187
1.76572e-12, 0.0561466, 329162
1.76026e-12, 0.0559728, 328143
1.75482e-12, 0.0558, 327130
1.74942e-12, 0.0556283, 326124
1.74406e-12, 0.0554577, 325123
1.73872e-12, 0.0552881, 324129
1.73342e-12, 0.0551195, 323141
1.72815e-12, 0.054952, 322159
1.72292e-12, 0.0547855, 321183
1.71771e-12, 0.0546199, 320212
1.71254e-12, 0.0544554, 319248
1.7074e-12, 0.0542919, 318289
1.70228e-12, 0.0541293, 317336
1.6972e-12, 0.0539678, 316389
1.69215e-12, 0.0538071, 315447
1.68713e-12, 0.0536475, 314511
1.68214e-12, 0.0534888, 313581
1.67718e-12, 0.053331, 312656
1.67224e-12, 0.0531741, 311736
1.66734e-12, 0.0530182, 310822
1.66246e-12, 0.0528631, 309913
1.65762e-12, 0.052709, 309010
1.6528e-12, 0.0525558, 308111
1.64801e-12, 0.0524035, 307218
1.64325e-12, 0.052252, 306330
1.63851e-12, 0.0521014, 305448
1.6338e-12, 0.0519517, 304570
1.62912e-12, 0.0518028, 303697
1.62447e-12, 0.0516548, 302830
1.61984e-12, 0.0515077, 301967
1.61524e-12, 0.0513613, 301109
1.61066e-12, 0.0512158, 300256
1.60611e-12, 0.0510712, 299408
1.60159e-12, 0.0509273, 298564
1.59709e-12, 0.0507842, 297726
1.59261e-12, 0.050642, 296892
1.58816e-12, 0.0505005, 296063
1.58374e-12, 0.0503599, 295238
1.57934e-12, 0.05022, 294418
1.57497e-12, 0.0500809, 293602
1.57062e-12, 0.0499425, 292791
1.56629e-12, 0.0498049, 291985
1.56199e-12, 0.0496681, 291183
1.55771e-12, 0.049532, 290385
1.55345e-12, 0.0493967, 289591
1.54922e-12, 0.0492621, 288802
1.54501e-12, 0.0491282, 288018
1.54082e-12, 0.0489951, 287237
1.53666e-12, 0.0488627, 286461
1.53251e-12, 0.048731, 285689
1.5284e-12, 0.0486, 284921
1.5243e-12, 0.0484697, 284157
1.52022e-12, 0.0483401, 283397
1.51617e-12, 0.0482112, 282641
1.51214e-12, 0.0480829, 281890
1.50812e-12, 0.0479554, 281142
1.50413e-12, 0.0478285, 280398
1.50017e-12, 0.0477023, 279658
1.49622e-12, 0.0475768, 278923
1.49229e-12, 0.0474519, 278190
1.48838e-12, 0.0473277, 277462
1.4845e-12, 0.0472041, 276738
1.48063e-12, 0.0470812, 276017
1.47679e-12, 0.0469589, 275300
1.47296e-12, 0.0468373, 274587
1.46915e-12, 0.0467162, 273877
1.46537e-12, 0.0465958, 273172
1.4616e-12, 0.046476, 272469
1.45785e-12, 0.0463569, 271771
1.45413e-12, 0.0462383, 271076
1.45042e-12, 0.0461203, 270384
1.44673e-12, 0.046003, 269696
1.44305e-12, 0.0458862, 269012
1.4394e-12, 0.0457701, 268331
1.43577e-12, 0.0456545, 267653
1.43215e-12, 0.0455395, 266979
1.42855e-12, 0.0454251, 266308
1.42497e-12, 0.0453112, 265641
1.42141e-12, 0.0451979, 264977
1.41786e-12, 0.0450852, 264316
1.41434e-12, 0.0449731, 263658
1.41083e-12, 0.0448615, 263004
1.40733e-12, 0.0447504, 262353
1.40386e-12, 0.0446399, 261705
1.4004e-12, 0.04453, 261061
1.39696e-12, 0.0444206, 260419
1.39354e-12, 0.0443117, 259781
1.39013e-12, 0.0442034, 259146
1.38674e-12, 0.0440955, 258514
1.38336e-12, 0.0439883, 257885
1.38001e-12, 0.0438815, 257259
1.37667e-12, 0.0437752, 256636
1.37334e-12, 0.0436695, 256016
1.37003e-12, 0.0435643, 255399
1.36674e-12, 0.0434595, 254785
1.36346e-12, 0.0433553, 254174
1.3602e-12, 0.0432516, 253566
1.35695e-12, 0.0431484, 252961
1.35372e-12, 0.0430456, 252359
1.35051e-12, 0.0429434, 251760
1.34731e-12, 0.0428416, 251163
1.34412e-12, 0.0427403, 250569
1.34095e-12, 0.0426395, 249978
1.3378e-12, 0.0425392, 249390
1.33465e-12, 0.0424394, 248805
1.33153e-12, 0.04234, 248222
1.32842e-12, 0.042241, 247642
1.32532e-12, 0.0421426, 247065
1.32224e-12, 0.0420446, 246490
1.31917e-12, 0.041947, 245918
1.31612e-12, 0.0418499, 245349
1.31308e-12, 0.0417533, 244782
1.31005e-12, 0.0416571, 244218
1.30704e-12, 0.0415613, 243657
1.30404e-12, 0.041466, 243098
1.30106e-12, 0.0413711, 242542
1.29809e-12, 0.0412766, 241988
1.29513e-12, 0.0411826, 241437
1.29219e-12, 0.041089, 240888
1.28926e-12, 0.0409958, 240342
1.28634e-12, 0.0409031, 239798
1.28344e-12, 0.0408107, 239257
1.28055e-12, 0.0407188, 238718
1.27767e-12, 0.0406273, 238182
1.2748e-12, 0.0405362, 237648
1.27195e-12, 0.0404456, 237116
1.26911e-12, 0.0403553, 236587
1.26629e-12, 0.0402654, 236060
1.26347e-12, 0.0401759, 235535
1.26067e-12, 0.0400868, 235013
1.25788e-12, 0.0399981, 234493
1.25511e-12, 0.0399098, 233975
1.25234e-12, 0.0398219, 233460
1.24959e-12, 0.0397344, 232947
1.24685e-12, 0.0396473, 232436
1.24412e-12, 0.0395605, 231928
1.2414e-12, 0.0394741, 231421
1.2387e-12, 0.0393881, 230917
1.23601e-12, 0.0393025, 230415
1.23333e-12, 0.0392173, 229915
1.23066e-12, 0.0391324, 229418
1.228e-12, 0.0390479, 228922
1.22535e-12, 0.0389637, 228429
1.22272e-12, 0.0388799, 227937
1.22009e-12, 0.0387965, 227448
1.21748e-12, 0.0387134, 226961
1.21488e-12, 0.0386307, 226476
1.21229e-12, 0.0385483, 225994
1.20971e-12, 0.0384663, 225513
1.20714e-12, 0.0383846, 225034
1.20458e-12, 0.0383033, 224557
1.20204e-12, 0.0382223, 224082
1.1995e-12, 0.0381417, 223610
1.19697e-12, 0.0380614, 223139
1.19446e-12, 0.0379814, 222670
1.19196e-12, 0.0379018, 222203
1.18946e-12, 0.0378225, 221738
1.18698e-12, 0.0377435, 221276
1.18451e-12, 0.0376649, 220815
1.18204e-12, 0.0375866, 220355
1.17959e-12, 0.0375086, 219898
1.17715e-12, 0.037431, 219443
1.17472e-12, 0.0373536, 218990
1.17229e-12, 0.0372766, 218538
1.16988e-12, 0.0371999, 218088
1.16748e-12, 0.0371235, 217641
1.16509e-12, 0.0370474, 217195
1.16271e-12, 0.0369717, 216751
1.16033e-12, 0.0368962, 216308
1.15797e-12, 0.0368211, 215868
1.15562e-12, 0.0367462, 215429
1.15327e-12, 0.0366717, 214992
1.15094e-12, 0.0365975, 214557
1.14861e-12, 0.0365235, 214123
1.1463e-12, 0.0364499, 213692
1.14399e-12, 0.0363766, 213262
1.14169e-12, 0.0363035, 212833
1.1394e-12, 0.0362308, 212407
1.13713e-12, 0.0361583, 211982
1.13486e-12, 0.0360861, 211559
1.1326e-12, 0.0360142, 211138
1.13034e-12, 0.0359426, 210718
1.1281e-12, 0.0358713, 210300
1.12587e-12, 0.0358003, 209883
1.12364e-12, 0.0357295, 209469
1.12143e-12, 0.0356591, 209055
1.11922e-12, 0.0355889, 208644
1.11702e-12, 0.035519, 208234
1.11483e-12, 0.0354493, 207826
1.11265e-12, 0.0353799, 207419
1.11047e-12, 0.0353108, 207014
1.10831e-12, 0.035242, 206610
1.10615e-12, 0.0351734, 206208
1.10401e-12, 0.0351051, 205808
1.10187e-12, 0.0350371, 205409
1.09973e-12, 0.0349693, 205012
1.09761e-12, 0.0349018, 204616
1.0955e-12, 0.0348346, 204222
1.09339e-12, 0.0347676, 203829
1.09129e-12, 0.0347009, 203438
1.0892e-12, 0.0346344, 203048
1.08712e-12, 0.0345682, 202660
1.08504e-12, 0.0345022, 202273
1.08298e-12, 0.0344365, 201888
1.08092e-12, 0.034371, 201504
1.07887e-12, 0.0343058, 201122
1.07682e-12, 0.0342408, 200741
1.07479e-12, 0.0341761, 200361
1.07276e-12, 0.0341116, 199983
1.07074e-12, 0.0340474, 199607
1.06873e-12, 0.0339834, 199231
1.06672e-12, 0.0339196, 198858
1.06472e-12, 0.0338561, 198485
1.06273e-12, 0.0337928, 198114
1.06075e-12, 0.0337297, 197745
1.05878e-12, 0.0336669, 197376
1.05681e-12, 0.0336044, 197010
1.05485e-12, 0.033542, 196644
1.05289e-12, 0.0334799, 196280
1.05095e-12, 0.033418, 195917
1.04901e-12, 0.0333563, 195556
1.04708e-12, 0.0332949, 195196
1.04515e-12, 0.0332337, 194837
1.04323e-12, 0.0331727, 194479
1.04132e-12, 0.033112, 194123
1.03942e-12, 0.0330514, 193768
1.03752e-12, 0.0329911, 193415
1.03563e-12, 0.032931, 193062
1.03375e-12, 0.0328712, 192711
1.03187e-12, 0.0328115, 192361
1.03001e-12, 0.0327521, 192013
1.02814e-12, 0.0326928, 191666
1.02629e-12, 0.0326338, 191320
1.02444e-12, 0.032575, 190975
1.0226e-12, 0.0325164, 190632
1.02076e-12, 0.0324581, 190289
1.01893e-12, 0.0323999, 189948
1.01711e-12, 0.0323419, 189609
1.01529e-12, 0.0322842, 189270
1.01348e-12, 0.0322266, 188933
1.01168e-12, 0.0321693, 188596
1.00988e-12, 0.0321121, 188262
1.00809e-12, 0.0320552, 187928
1.00631e-12, 0.0319985, 187595
1.00453e-12, 0.0319419, 187264
1.00276e-12, 0.0318856, 186933
1.00099e-12, 0.0318295, 186604
9.99232e-13, 0.0317735, 186276
9.97479e-13, 0.0317178, 185950
9.95732e-13, 0.0316622, 185624
9.93991e-13, 0.0316069, 185299
9.92256e-13, 0.0315517, 184976
9.90528e-13, 0.0314968, 184654
9.88805e-13, 0.031442, 184333
9.87088e-13, 0.0313874, 184013
9.85378e-13, 0.031333, 183694
9.83673e-13, 0.0312788, 183376
9.81974e-13, 0.0312248, 183059
9.80281e-13, 0.0311709, 182744
9.78594e-13, 0.0311173, 182429
9.76912e-13, 0.0310638, 182116
9.75237e-13, 0.0310105, 181803
9.73567e-13, 0.0309574, 181492
9.71903e-13, 0.0309045, 181182
9.70244e-13, 0.0308518, 180873
9.68591e-13, 0.0307992, 180564
9.66944e-13, 0.0307468, 180257
9.65302e-13, 0.0306946, 179951
9.63666e-13, 0.0306426, 179646
9.62035e-13, 0.0305907, 179342
9.6041e-13, 0.0305391, 179039
9.58791e-13, 0.0304876, 178737
9.57177e-13, 0.0304363, 178437
9.55568e-13, 0.0303851, 178137
9.53965e-13, 0.0303341, 177838
9.52367e-13, 0.0302833, 177540
9.50774e-13, 0.0302327, 177243
9.49187e-13, 0.0301822, 176947
9.47605e-13, 0.0301319, 176652
9.46028e-13, 0.0300818, 176358
9.44457e-13, 0.0300318, 176065
9.4289e-13, 0.029982, 175773
9.41329e-13, 0.0299323, 175482
9.39773e-13, 0.0298829, 175192
9.38223e-13, 0.0298335, 174903
9.36677e-13, 0.0297844, 174615
9.35136e-13, 0.0297354, 174328
9.33601e-13, 0.0296866, 174042
9.3207e-13, 0.0296379, 173756
9.30545e-13, 0.0295894, 173472
9.29024e-13, 0.0295411, 173188
9.27509e-13, 0.0294929, 172906
9.25998e-13, 0.0294448, 172624
9.24493e-13, 0.029397, 172344
9.22992e-13, 0.0293492, 172064
9.21496e-13, 0.0293017, 171785
9.20005e-13, 0.0292543, 171507
9.18519e-13, 0.029207, 171230
9.17037e-13, 0.0291599, 170954
9.1556e-13, 0.0291129, 170679
9.14088e-13, 0.0290661, 170404
9.12621e-13, 0.0290195, 170131
9.11159e-13, 0.028973, 169858
9.09701e-13, 0.0289266, 169586
9.08248e-13, 0.0288804, 169315
9.06799e-13, 0.0288343, 169045
9.05355e-13, 0.0287884, 168776
9.03916e-13, 0.0287427, 168508
9.02481e-13, 0.028697, 168240
9.01051e-13, 0.0286515, 167974
8.99625e-13, 0.0286062, 167708
8.98204e-13, 0.028561, 167443
8.96787e-13, 0.028516, 167179
8.95375e-13, 0.0284711, 166916
8.93967e-13, 0.0284263, 166653
8.92564e-13, 0.0283817, 166391
8.91165e-13, 0.0283372, 166131
8.8977e-13, 0.0282928, 165871
8.8838e-13, 0.0282486, 165612
8.86994e-13, 0.0282046, 165353
8.85612e-13, 0.0281606, 165096
8.84235e-13, 0.0281168, 164839
8.82862e-13, 0.0280732, 164583
8.81493e-13, 0.0280297, 164328
8.80128e-13, 0.0279863, 164073
8.78768e-13, 0.027943, 163820
8.77412e-13, 0.0278999, 163567
8.7606e-13, 0.0278569, 163315
8.74712e-13, 0.027814, 163064
8.73369e-13, 0.0277713, 162813
8.72029e-13, 0.0277287, 162564
8.70694e-13, 0.0276863, 162315
8.69362e-13, 0.0276439, 162066
8.68035e-13, 0.0276017, 161819
8.66712e-13, 0.0275596, 161572
8.65393e-13, 0.0275177, 161326
8.64077e-13, 0.0274759, 161081
8.62766e-13, 0.0274342, 160837
8.61459e-13, 0.0273926, 160593
8.60156e-13, 0.0273512, 160350
8.58856e-13, 0.0273099, 160108
8.57561e-13, 0.0272687, 159866
8.5627e-13, 0.0272276, 159626
8.54982e-13, 0.0271867, 159386
8.53698e-13, 0.0271458, 159146
8.52418e-13, 0.0271051, 158908
8.51142e-13, 0.0270646, 158670
8.4987e-13, 0.0270241, 158433
8.48601e-13, 0.0269838, 158196
8.47337e-13, 0.0269436, 157960
8.46076e-13, 0.0269035, 157725
8.44819e-13, 0.0268635, 157491
8.43565e-13, 0.0268236, 157257
8.42316e-13, 0.0267839, 157024
8.41069e-13, 0.0267443, 156792
8.39827e-13, 0.0267048, 156560
8.38588e-13, 0.0266654, 156330
8.37353e-13, 0.0266261, 156099
8.36122e-13, 0.0265869, 155870
8.34894e-13, 0.0265479, 155641
8.3367e-13, 0.026509, 155413
8.32449e-13, 0.0264702, 155185
8.31232e-13, 0.0264315, 154958
8.30019e-13, 0.0263929, 154732
8.28809e-13, 0.0263544, 154507
8.27603e-13, 0.026316, 154282
8.264e-13, 0.0262778, 154057
8.252e-13, 0.0262397, 153834
8.24004e-13, 0.0262016, 153611
8.22812e-13, 0.0261637, 153389
8.21623e-13, 0.0261259, 153167
8.20437e-13, 0.0260882, 152946
8.19255e-13, 0.0260506, 152726
8.18076e-13, 0.0260131, 152506
8.16901e-13, 0.0259757, 152287
8.15729e-13, 0.0259385, 152068
8.1456e-13, 0.0259013, 151850
8.13395e-13, 0.0258643, 151633
8.12233e-13, 0.0258273, 151416
8.11074e-13, 0.0257905, 151200
8.09919e-13, 0.0257537, 150985
8.08767e-13, 0.0257171, 150770
8.07618e-13, 0.0256806, 150556
8.06472e-13, 0.0256441, 150343
8.0533e-13, 0.0256078, 150130
8.04191e-13, 0.0255716, 149917
8.03055e-13, 0.0255355, 149706
8.01922e-13, 0.0254995, 149494
8.00793e-13, 0.0254635, 149284
7.99667e-13, 0.0254277, 149074
7.98543e-13, 0.025392, 148864
7.97424e-13, 0.0253564, 148656
7.96307e-13, 0.0253209, 148447
7.95193e-13, 0.0252855, 148240
7.94082e-13, 0.0252502, 148033
7.92975e-13, 0.0252149, 147826
7.9187e-13, 0.0251798, 147620
7.90769e-13, 0.0251448, 147415
7.89671e-13, 0.0251099, 147210
7.88576e-13, 0.0250751, 147006
7.87483e-13, 0.0250403, 146803
7.86394e-13, 0.0250057, 146600
7.85308e-13, 0.0249712, 146397
7.84225e-13, 0.0249367, 146195
7.83145e-13, 0.0249024, 145994
7.82067e-13, 0.0248681, 145793
7.80993e-13, 0.024834, 145593
7.79922e-13, 0.0247999, 145393
7.78853e-13, 0.0247659, 145194
7.77788e-13, 0.024732, 144995
7.76725e-13, 0.0246982, 144797
7.75666e-13, 0.0246646, 144600
7.74609e-13, 0.0246309, 144403
7.73555e-13, 0.0245974, 144206
7.72504e-13, 0.024564, 144010
7.71456e-13, 0.0245307, 143815
7.70411e-13, 0.0244974, 143620
7.69368e-13, 0.0244643, 143426
7.68328e-13, 0.0244312, 143232
7.67291e-13, 0.0243983, 143039
7.66257e-13, 0.0243654, 142846
7.65226e-13, 0.0243326, 142654
7.64198e-13, 0.0242999, 142462
7.63172e-13, 0.0242673, 142271
7.62149e-13, 0.0242347, 142080
7.61128e-13, 0.0242023, 141890
7.60111e-13, 0.0241699, 141700
7.59096e-13, 0.0241377, 141511
7.58084e-13, 0.0241055, 141322
7.57075e-13, 0.0240734, 141134
7.56068e-13, 0.0240414, 140946
7.55064e-13, 0.0240094, 140759
7.54062e-13, 0.0239776, 140572
7.53064e-13, 0.0239458, 140386
7.52067e-13, 0.0239142, 140200
7.51074e-13, 0.0238826, 140015
7.50083e-13, 0.0238511, 139831
7.49095e-13, 0.0238197, 139646
7.48109e-13, 0.0237883, 139463
7.47126e-13, 0.023757, 139279
7.46146e-13, 0.0237259, 139097
7.45168e-13, 0.0236948, 138914
7.44192e-13, 0.0236638, 138732
7.4322e-13, 0.0236328, 138551
7.42249e-13, 0.023602, 138370
7.41282e-13, 0.0235712, 138190
7.40316e-13, 0.0235405, 138010
7.39354e-13, 0.0235099, 137830
7.38393e-13, 0.0234794, 137651
7.37436e-13, 0.0234489, 137473
7.36481e-13, 0.0234185, 137295
7.35528e-13, 0.0233882, 137117
7.34577e-13, 0.023358, 136940
7.3363e-13, 0.0233279, 136763
7.32684e-13, 0.0232978, 136587
7.31741e-13, 0.0232678, 136411
7.30801e-13, 0.0232379, 136236
7.29863e-13, 0.0232081, 136061
7.28927e-13, 0.0231783, 135887
7.27994e-13, 0.0231487, 135713
7.27063e-13, 0.0231191, 135539
7.26134e-13, 0.0230895, 135366
7.25208e-13, 0.0230601, 135193
7.24284e-13, 0.0230307, 135021
7.23363e-13, 0.0230014, 134849
7.22443e-13, 0.0229722, 134678
7.21527e-13, 0.022943, 134507
7.20612e-13, 0.022914, 134337
7.197e-13, 0.022885, 134167
7.1879e-13, 0.022856, 133997
7.17883e-13, 0.0228272, 133828
7.16977e-13, 0.0227984, 133659
7.16074e-13, 0.0227697, 133491
7.15174e-13, 0.022741, 133323
7.14275e-13, 0.0227125, 133155
7.13379e-13, 0.022684, 132988
7.12485e-13, 0.0226555, 132822
7.11593e-13, 0.0226272, 132655
7.10704e-13, 0.0225989, 132490
7.09816e-13, 0.0225707, 132324
7.08931e-13, 0.0225425, 132159
7.08049e-13, 0.0225145, 131995
7.07168e-13, 0.0224865, 131830
7.06289e-13, 0.0224585, 131667
7.05413e-13, 0.0224307, 131503
7.04539e-13, 0.0224029, 131340
7.03667e-13, 0.0223751, 131178
7.02797e-13, 0.0223475, 131016
7.0193e-13, 0.0223199, 130854
7.01064e-13, 0.0222924, 130693
7.00201e-13, 0.0222649, 130532
6.99339e-13, 0.0222375, 130371
6.9848e-13, 0.0222102, 130211
6.97623e-13, 0.022183, 130051
6.96768e-13, 0.0221558, 129892
6.95916e-13, 0.0221287, 129733
6.95065e-13, 0.0221016, 129574
6.94216e-13, 0.0220746, 129416
6.93369e-13, 0.0220477, 129258
6.92525e-13, 0.0220208, 129101
6.91682e-13, 0.0219941, 128944
6.90842e-13, 0.0219673, 128787
6.90004e-13, 0.0219407, 128631
6.89167e-13, 0.0219141, 128475
6.88333e-13, 0.0218875, 128319
6.87501e-13, 0.0218611, 128164
6.8667e-13, 0.0218347, 128009
6.85842e-13, 0.0218083, 127855
6.85016e-13, 0.0217821, 127701
6.84191e-13, 0.0217558, 127547
6.83369e-13, 0.0217297, 127394
6.82549e-13, 0.0217036, 127241
6.8173e-13, 0.0216776, 127088
6.80914e-13, 0.0216516, 126936
6.80099e-13, 0.0216257, 126784
6.79287e-13, 0.0215999, 126633
6.78476e-13, 0.0215741, 126482
6.77667e-13, 0.0215484, 126331
6.76861e-13, 0.0215227, 126181
6.76056e-13, 0.0214972, 126031
6.75253e-13, 0.0214716, 125881
6.74452e-13, 0.0214462, 125732
6.73653e-13, 0.0214207, 125583
6.72856e-13, 0.0213954, 125434
6.7206e-13, 0.0213701, 125286
6.71267e-13, 0.0213449, 125138
6.70475e-13, 0.0213197, 124990
6.69685e-13, 0.0212946, 124843
6.68898e-13, 0.0212695, 124696
6.68112e-13, 0.0212445, 124550
6.67327e-13, 0.0212196, 124403
6.66545e-13, 0.0211947, 124258
6.65765e-13, 0.0211699, 124112
6.64986e-13, 0.0211452, 123967
6.64209e-13, 0.0211205, 123822
6.63434e-13, 0.0210958, 123678
6.62661e-13, 0.0210712, 123534
6.61889e-13, 0.0210467, 123390
6.6112e-13, 0.0210222, 123246
6.60352e-13, 0.0209978, 123103
6.59586e-13, 0.0209734, 122960
6.58822e-13, 0.0209491, 122818
6.58059e-13, 0.0209249, 122676
6.57298e-13, 0.0209007, 122534
6.56539e-13, 0.0208766, 122392
6.55782e-13, 0.0208525, 122251
6.55026e-13, 0.0208285, 122110
6.54273e-13, 0.0208045, 121970
6.53521e-13, 0.0207806, 121830
6.5277e-13, 0.0207567, 121690
6.52022e-13, 0.0207329, 121550
6.51275e-13, 0.0207092, 121411
6.5053e-13, 0.0206855, 121272
6.49786e-13, 0.0206618, 121133
6.49044e-13, 0.0206382, 120995
6.48304e-13, 0.0206147, 120857
6.47566e-13, 0.0205912, 120719
6.46829e-13, 0.0205678, 120582
6.46094e-13, 0.0205444, 120445
6.45361e-13, 0.0205211, 120308
6.44629e-13, 0.0204979, 120172
6.43899e-13, 0.0204746, 120036
6.43171e-13, 0.0204515, 119900
6.42444e-13, 0.0204284, 119765
6.41719e-13, 0.0204053, 119630
6.40995e-13, 0.0203823, 119495
6.40274e-13, 0.0203594, 119360
6.39553e-13, 0.0203364, 119226
6.38835e-13, 0.0203136, 119092
6.38118e-13, 0.0202908, 118958
6.37402e-13, 0.0202681, 118825
6.36689e-13, 0.0202454, 118692
6.35976e-13, 0.0202227, 118559
6.35266e-13, 0.0202001, 118427
6.34557e-13, 0.0201776, 118294
6.33849e-13, 0.0201551, 118162
6.33144e-13, 0.0201326, 118031
6.32439e-13, 0.0201102, 117900
6.31737e-13, 0.0200879, 117769
6.31035e-13, 0.0200656, 117638
6.30336e-13, 0.0200434, 117507
6.29638e-13, 0.0200212, 117377
6.28941e-13, 0.019999, 117248
6.28246e-13, 0.0199769, 117118
6.27553e-13, 0.0199549, 116989
6.26861e-13, 0.0199329, 116860
6.26171e-13, 0.0199109, 116731
6.25482e-13, 0.019889, 116603
6.24794e-13, 0.0198671, 116474
6.24109e-13, 0.0198453, 116347
6.23424e-13, 0.0198236, 116219
6.22741e-13, 0.0198019, 116092
6.2206e-13, 0.0197802, 115965
6.2138e-13, 0.0197586, 115838
6.20702e-13, 0.019737, 115712
6.20025e-13, 0.0197155, 115585
6.1935e-13, 0.019694, 115459
6.18676e-13, 0.0196726, 115334
6.18003e-13, 0.0196512, 115208
6.17332e-13, 0.0196299, 115083
6.16663e-13, 0.0196086, 114959
6.15995e-13, 0.0195873, 114834
6.15328e-13, 0.0195661, 114710
6.14663e-13, 0.019545, 114586
6.13999e-13, 0.0195239, 114462
6.13337e-13, 0.0195028, 114338
6.12676e-13, 0.0194818, 114215
6.12016e-13, 0.0194608, 114092
6.11358e-13, 0.0194399, 113970
6.10701e-13, 0.019419, 113847
6.10046e-13, 0.0193982, 113725
6.09392e-13, 0.0193774, 113603
6.0874e-13, 0.0193566, 113482
6.08089e-13, 0.0193359, 113360
6.07439e-13, 0.0193153, 113239
6.06791e-13, 0.0192947, 113118
6.06144e-13, 0.0192741, 112998
6.05498e-13, 0.0192536, 112877
6.04854e-13, 0.0192331, 112757
6.04211e-13, 0.0192126, 112637
6.0357e-13, 0.0191923, 112518
6.0293e-13, 0.0191719, 112398
6.02291e-13, 0.0191516, 112279
6.01654e-13, 0.0191313, 112161
6.01018e-13, 0.0191111, 112042
6.00383e-13, 0.0190909, 111924
5.9975e-13, 0.0190708, 111806
5.99118e-13, 0.0190507, 111688
5.98487e-13, 0.0190306, 111570
5.97858e-13, 0.0190106, 111453
5.9723e-13, 0.0189907, 111336
5.96603e-13, 0.0189707, 111219
5.95978e-13, 0.0189508, 111103
5.95354e-13, 0.018931, 110986
5.94731e-13, 0.0189112, 110870
5.9411e-13, 0.0188914, 110754
5.9349e-13, 0.0188717, 110639
5.92871e-13, 0.018852, 110523
5.92253e-13, 0.0188324, 110408
5.91637e-13, 0.0188128, 110293
5.91022e-13, 0.0187932, 110179
5.90408e-13, 0.0187737, 110064
5.89796e-13, 0.0187543, 109950
5.89184e-13, 0.0187348, 109836
5.88574e-13, 0.0187154, 109722
5.87966e-13, 0.0186961, 109609
5.87358e-13, 0.0186768, 109496
5.86752e-13, 0.0186575, 109383
5.86147e-13, 0.0186382, 109270
5.85544e-13, 0.0186191, 109157
5.84941e-13, 0.0185999, 109045
5.8434e-13, 0.0185808, 108933
5.8374e-13, 0.0185617, 108821
5.83142e-13, 0.0185427, 108710
5.82544e-13, 0.0185237, 108598
5.81948e-13, 0.0185047, 108487
5.81353e-13, 0.0184858, 108376
5.80759e-13, 0.0184669, 108265
5.80166e-13, 0.0184481, 108155
5.79575e-13, 0.0184293, 108045
5.78985e-13, 0.0184105, 107935
5.78396e-13, 0.0183918, 107825
5.77808e-13, 0.0183731, 107715
5.77221e-13, 0.0183544, 107606
5.76636e-13, 0.0183358, 107497
5.76052e-13, 0.0183172, 107388
5.75469e-13, 0.0182987, 107279
5.74887e-13, 0.0182802, 107171
5.74306e-13, 0.0182617, 107062
5.73727e-13, 0.0182433, 106954
5.73148e-13, 0.0182249, 106847
5.72571e-13, 0.0182065, 106739
5.71995e-13, 0.0181882, 106632
5.7142e-13, 0.0181699, 106524
5.70846e-13, 0.0181517, 106418
5.70274e-13, 0.0181335, 106311
5.69702e-13, 0.0181153, 106204
5.69132e-13, 0.0180972, 106098
